0.22768462857327335 0.9737349279508518
0.16252455741633695 0.9867044989441489
0.26020424412919024 -0.9655535983761631
0.2602042441291906 -0.9655535983761631
0.25252512366500135 -0.967590337858939
0.25252512366500135 -0.967590337858939
0.17758060707201626 -0.984106258486315
0.1772557577887311 -0.9841648217299491
0.35471820951198624 -0.9349732572863305
0.3362578250873455 -0.9417699692958617
0.38642679252847606 -0.9223200821928114
-0.19010645514426425 -0.9817634825722953
-0.105027360738252 -0.994469332607274
-0.10419439298216797 -0.9945569508434787
0.11485226958751399 -0.9933825829812988
0.1156336264944622 -0.9932919331313121
0.030601889621851043 -0.9995316525010961
0.03128658216496284 -0.9995104550610939
-0.19819437118782907 -0.9801627371153532
-0.19880590644592466 -0.9800388826787507
-0.02101839751209001 -0.9997790890821951
-0.02022225614691704 -0.999795509269935
-0.1510869789692807 -0.9885204726185168
-0.1511326868670135 -0.9885134854721797
0.6606618865828069 -0.750683602869309
0.6770645369173837 -0.7359236460726404
0.6138135734414498 -0.7894510099170423
0.6164218594316583 -0.7874160851892834
-0.7070194163820063 0.7071941351982828
-0.6618481132775559 0.7496379625865673
-0.6614384595353417 0.7499994428314689
-0.2545331463751184 -0.9670640503071047
-0.36436445610570295 -0.9312564325290835
-0.27456164348397966 -0.9615695003104956
-0.31620789948260997 -0.9486899199974645
-0.2418671623647216 -0.9703093711644949
-0.29699919294883875 -0.9548777300721483
-0.2971333349541831 -0.954835997048187
-0.3912053193218383 -0.9203034272099058
-0.39107416524381333 -0.9203591675421366
0.07478164875747244 -0.9971999323150368
0.07478164875747251 -0.9971999323150368